20
0 1 2 3 4 5 6 7 8 9 10 11 12 13 14 15 16 17 18 19 
189
6 9 4
10 17 8
7 12 6
1 17 0
0 7 12
13 17 12
14 17 8
18 19 0
0 10 15
3 7 0
2 5 0
1 11 14
5 8 1
6 7 0
4 19 3
6 10 5
5 18 3
10 18 6
0 17 19
7 19 3
12 17 9
0 4 16
8 15 18
4 10 11
2 6 1
9 14 5
7 10 16
5 11 16
4 5 6
10 13 17
4 16 18
9 16 1
14 15 13
16 19 10
2 17 1
14 16 12
0 1 13
3 12 2
1 12 17
8 12 18
4 15 3
2 11 13
1 6 16
5 14 19
14 18 6
3 18 1
10 14 7
8 18 6
6 13 0
11 15 5
9 19 2
7 8 19
6 16 0
11 16 0
2 18 19
0 14 16
3 11 0
1 15 17
8 9 12
4 12 18
2 12 14
7 11 17
3 17 19
6 14 4
7 15 5
12 13 19
1 16 17
13 16 0
1 5 14
0 11 18
3 6 2
1 10 19
14 19 8
5 17 3
10 19 6
0 18 19
7 18 19
12 18 2
1 19 0
0 5 12
13 19 4
0 8 14
4 11 19
3 5 2
2 7 1
9 13 8
5 10 12
4 6 2
17 18 3
5 7 4
4 17 1
7 17 2
0 2 6
3 15 16
1 3 8
8 13 19
4 8 10
2 8 1
5 13 17
10 15 6
8 19 7
11 14 6
9 18 5
15 19 11
6 17 0
11 19 0
16 17 7
2 19 1
0 15 19
3 10 12
1 14 18
8 10 0
4 13 16
2 13 16
9 11 0
3 16 2
8 16 5
6 15 1
11 13 14
7 14 0
6 18 19
12 14 19
13 15 10
6 11 19
1 4 6
0 12 15
3 9 14
2 3 5
1 9 19
2 14 15
6 8 12
5 16 2
10 16 17
7 13 16
12 19 3
1 18 19
0 6 19
13 18 5
15 17 6
1 7 13
0 9 16
3 4 5
2 4 13
9 12 14
5 9 10
4 7 12
10 11 8
5 6 13
4 18 3
5 19 0
0 16 19
7 16 6
12 16 10
0 3 12
3 14 18
1 2 19
8 14 6
4 9 3
2 9 1
9 15 6
5 12 19
10 12 9
15 16 18
9 17 5
15 18 6
11 18 19
16 18 13
2 16 17
17 19 4
3 13 19
1 13 18
8 11 0
4 14 2
2 10 15
9 10 14
5 15 3
3 19 1
8 17 2
6 12 0
11 12 9
7 9 15
6 19 3
12 15 2
11 17 8
13 14 12
0 13 16
3 8 2
1 8 13
2 15 19
